6.340654876083136
5.912058087065816
5.671837901696563
5.578622434288263
5.461044482886791
5.415020063519478
5.3583558313548565
5.29592177644372
5.292098915204406
5.237626899033785
5.257111225277185
5.231699764728546
5.247817598283291
5.169103391468525
5.192565428093076
5.137121541425586
5.115071255713701
5.059513371437788
5.116094449535012
5.109009277075529
5.060050243511796
5.075963033363223
5.056144971400499
5.05643885396421
5.048413986340165
5.061907529830933
5.048555642366409
5.053265070542693
5.015399858355522
5.013695269823074
4.988439632579684
4.952942719683051
4.984206860885024
4.985236180946231
4.99565177410841
4.977219715714455
4.990348882973194
5.039875155314803
5.07389553450048
5.024703163653612
5.003494514152408
5.015619760379195
4.9748402908444405
4.960861997678876
4.952081209048629
4.931605217978358
4.92646218650043
4.888998795300722
4.846651013940573
4.813069211319089
4.7838149741292
4.772324552759528
4.752012083306909
4.756166746839881
4.866736156865954
4.792077841237187
4.744898499920964
4.720873715355992
4.679908810183406
4.655578654259443
4.679542122408748
4.666470423340797
4.642295138910413
4.618316134437919
4.619296887889504
4.585869189351797
4.563840260729194
4.541920132935047
4.541635140776634
4.473397605121136
4.477383378893137
4.456392290070653
4.437344498932362
4.360329527407885
4.371287107467651
4.347882550209761
4.32434843480587
4.328927509486675
4.304429022595286
4.367971513420343
4.341457210481167
4.295274680480361
4.271775238215923
4.277943840250373
4.245462944731116
4.2406266033649445
4.213761534541845
4.21238955296576
4.218518411740661
4.199480785056949
4.2350006606429815
4.214348929002881
4.1806177999824286
4.168389281257987
4.157633079215884
4.129864988848567
4.105383466929197
4.080577630549669
4.1009763572365046
4.0904912780970335
4.07933260127902
4.056748732924461
4.044490592554212
4.027874672785401
3.9952166974544525
3.9694455713033676
3.952322408556938
3.954326616600156
3.9316041618585587
3.9587242510169744
3.9659743271768093
3.976071460172534
3.9472457468509674
3.9426202680915594
3.966143114492297
3.9459302611649036
3.919984560459852
3.9173862952739
3.893826887011528
3.869878513738513
3.8646745830774307
3.8633360639214516
3.8441439364105463
3.825834384188056
3.8565038722008467
3.836715068668127
3.8628447260707617
3.849858857691288
3.837032398208976
3.8090011589229107
3.7862593308091164
3.791770612820983
3.767328070476651
3.76105503924191
3.7614352889358997
3.8398276325315237
3.845122218132019
3.826402647420764
3.7828811649233103
3.7553824335336685
3.7336897756904364
3.72142631188035
3.752933543175459
3.7160282600671053
3.712044805288315
3.718226572498679
3.7532547507435083
3.739557171240449
3.7030819319188595
3.698120344430208
3.6922434605658054
3.7091455701738596
3.698687879368663
3.6764832977205515
3.6750792488455772
3.70642158575356
3.7989545185118914
3.7147034369409084
3.7328600101172924
3.7043370865285397
3.6954976059496403
3.6770640816539526
3.662432011216879
3.6625769827514887
3.6411553490906954
3.623461712151766
3.6622962839901447
3.6322405375540257
3.6261440739035606
3.6081645488739014
3.5985338296741247
3.599267065525055
3.594045476987958
3.576861936599016
3.566325129941106
3.5701643619686365
3.5684561524540186
3.5531231481581926
3.5600137021392584
3.53607046417892
3.5377977192401886
3.559452261775732
3.5525036826729774
3.5520015321671963
3.532583111897111
3.5370919033885
3.5219933316111565
3.5365228299051523
3.5299392510205507
3.5131240636110306
3.506020914763212
3.551742931827903
3.6571273636072874
3.5951018445193768
3.5900826454162598
3.5622784793376923
3.5390351079404354
3.5424511339515448
3.5444622561335564
3.536186173558235
